1.875
1.893
1.896
1.848
1.803
1.797
1.836
1.878
1.896
1.896
1.884
1.836
1.8
1.809
1.851
1.887
1.893
1.893
1.872
1.821
1.794
1.812
1.86
1.89
1.896
1.893
1.863
1.812
1.8
1.827
1.872
1.893
1.893
1.887
1.848
1.803
1.797
1.836
1.878
1.893
1.896
1.884
1.836
1.8
1.809
1.851
1.887
1.896
1.893
1.872
1.821
1.794
1.812
1.86
1.89
1.896
1.866
1.812
1.797
1.827
1.872
1.893
1.893
1.887
1.848
1.803
1.797
1.833
1.878
1.893
1.896
1.884
1.836
1.8
1.806
1.851
1.887
1.893
1.893
1.875
1.824
1.794
1.812
1.86
1.89
1.896
1.893
1.866
1.812
1.797
1.824
1.872
1.893
1.893
1.887
1.851
1.806
1.797
1.833
1.878
1.893
1.896
1.884
1.839
1.8
1.806
1.851
1.887
1.893
1.893
1.824
1.794
1.812
1.857
1.89
1.896
1.893
1.866
1.812
1.797
1.824
1.872
1.893
1.893
1.887
1.851
1.806
1.797
1.833
1.878
1.893
1.896
1.884
1.839
1.8
1.806
1.851
1.887
1.893
1.893
1.875
1.824
1.794
1.812
1.857
1.89
1.896
1.893
1.866
1.815
1.797
1.824
1.872
1.893
1.893
1.887
1.851
1.806
1.797
1.833
1.878
1.893
1.896
1.839
1.8
1.806
1.848
1.887
1.893
1.893
1.875
1.824
1.794
1.809
1.857
1.89
1.893
1.893
1.866
1.815
1.797
1.824
1.872
1.893
1.893
1.887
1.851
1.806
1.797
1.833
1.878
1.893
1.896
1.884
1.839
1.803
1.806
1.848
1.887
1.893
1.893
1.875
1.824
1.797
1.809
1.857
1.89
1.893
1.893
1.866
1.815
1.797
1.824
1.872
1.893
1.893
1.851
1.806
1.797
1.833
1.878
1.893
1.896
1.884
1.839
1.8
1.803
1.848
1.887
1.893
1.893
1.875
1.827
1.794
1.809
1.857
1.89
1.893
1.893
1.866
1.815
1.797
1.824
1.869
1.893
1.896
1.89
1.854
1.806
1.83
1.875
1.893
1.896
1.884
1.842
1.803
1.806
1.848
1.887
1.896
1.893
1.875
1.827
1.794
1.809
1.854
1.89
1.896
1.893
1.869
1.815
1.797
1.821
1.869
1.893
1.893
1.89
1.854
1.806
1.797
1.83
1.875
1.893
1.896
1.884
1.842
1.803
1.803
1.848
1.887
1.896
1.893
1.878
1.827
1.797
1.809
1.854
1.89
1.896
1.893
1.869
1.818
1.797
1.869
1.893
1.893
1.89
1.854
1.806
1.797
1.83
1.875
1.893
1.896
1.887
1.842
1.803
1.803
1.845
1.887
1.896
1.893
1.878
1.827
1.797
1.809
1.854
1.89
1.896
1.893
1.869
1.818
1.797
1.821
1.869
1.893
1.893
1.89
1.854
1.806
1.797
1.83
1.875
1.893
1.896
1.887
1.842
1.803
1.803
1.845
1.887
1.893
1.893
1.878
1.827
1.797
1.854
1.89
1.896
1.893
1.869
1.818
1.797
1.821
1.869
1.893
1.896
1.89
1.857
1.806
1.797
1.83
1.875
1.893
1.896
1.887
1.845
1.803
1.803
1.845
1.884
1.896
1.893
1.878
1.83
1.797
1.809
1.854
1.887
1.896
1.893
1.869
1.818
1.797
1.821
1.869
1.893
1.893
1.89
1.857
1.809
1.797
1.827
1.875
1.893
1.896
1.887
1.803
1.803
1.845
1.884
1.896
1.893
1.878
1.83
1.797
1.806
1.854
1.887
1.896
1.893
1.872
1.818
1.797
1.821
1.869
1.893
1.896
1.89
1.857
1.809
1.797
1.827
1.875
1.893
1.896
1.887
1.845
1.803
1.803
1.845
1.884
1.896
1.893
1.878
1.83
1.797
1.806
1.851
1.887
1.896
1.893
1.872
1.821
1.797
1.821
1.869
1.893
1.89
1.857
1.809
1.797
1.827
1.875
1.893
1.896
1.887
1.845
1.803
1.803
1.842
1.884
1.896
1.893
1.878
1.83
1.797
1.806
1.851
1.887
1.896
1.893
1.872
1.821
1.797
1.818
1.866
1.893
1.893
1.89
1.857
1.809
1.797
1.827
1.872
1.893
1.896
1.887
1.848
1.803
1.803
1.842
1.884
1.893
1.893
1.878
1.83
1.797
1.806
1.887
1.896
1.893
1.872
1.821
1.797
1.818
1.866
1.893
1.893
1.89
1.857
1.809
1.797
1.827
1.872
1.893
1.896
1.887
1.848
1.806
1.8
1.842
1.884
1.893
1.893
1.878
1.83
1.797
1.806
1.851
1.887
1.893
1.893
1.872
1.821
1.797
1.818
1.866
1.893
1.893
1.89
1.86
1.809
1.797
1.827
1.872
1.893
1.896
1.887
1.848
1.803
1.842
1.884
1.896
1.893
1.881
1.833
1.797
1.806
1.851
1.887
1.896
1.893
1.872
1.821
1.797
1.818
1.866
1.893
1.893
1.89
1.86
1.809
1.797
1.824
1.872
1.893
1.896
1.887
1.848
1.806
1.8
1.842
1.884
1.896
1.893
1.881
1.833
1.797
1.806
1.851
1.887
1.896
1.893
1.872
1.821
1.797
1.818
1.863
1.893
1.893
1.89
1.86
1.809
1.824
1.872
1.893
1.896
1.887
1.848
1.806
1.8
1.839
1.881
1.893
1.893
1.881
1.833
1.797
1.806
1.848
1.887
1.893
1.893
1.875
1.821
1.797
1.818
1.863
1.893
1.893
1.89
1.86
1.809
1.797
1.824
1.872
1.893
1.896
1.887
1.851
1.806
1.8
1.839
1.881
1.896
1.893
1.881
1.833
1.797
1.803
1.848
1.887
1.893
1.893
1.875
1.824
1.815
1.863
1.893
1.893
1.89
1.863
1.812
1.797
1.824
1.872
1.893
1.896
1.89
1.851
1.806
1.8
1.839
1.881
1.893
1.893
1.881
1.833
1.8
1.803
1.848
1.887
1.893
1.893
1.875
1.824
1.797
1.815
1.863
1.893
1.893
1.893
1.863
1.797
1.824
1.869
1.893
1.896
1.89
1.851
1.806
1.8
1.839
1.881
1.893
1.893
1.881
1.836
1.8
1.803
1.848
1.887
1.896
1.893
1.875
1.824
1.797
1.815
1.863
1.893
1.893
1.89
1.863
1.812
1.797
1.821
1.869
1.893
1.896
1.89
1.851
1.806
1.8
1.839
1.881
1.893
1.893
1.881
1.836
1.8
1.803
1.848
1.887
1.893
1.875
1.824
1.797
1.815
1.863
1.893
1.893
1.89
1.863
1.812
1.797
1.821
1.869
1.893
1.896
1.89
1.851
1.806
1.8
1.839
1.881
1.896
1.893
1.881
1.836
1.8
1.803
1.845
1.884
1.896
1.896
1.875
1.824
1.797
1.815
1.86
1.893
1.896
1.893
1.863
1.812
1.797
1.821
1.869
1.893
1.896
1.89
1.806
1.8
1.836
1.881
1.893
1.896
1.884
1.836
1.8
1.803
1.845
1.884
1.896
1.896
1.875
1.827
1.797
1.815
1.86
1.893
1.893
1.893
1.863
1.812
1.797
1.821
1.869
1.893
1.896
1.89
1.854
1.806
1.8
1.836
1.881
1.896
1.893
1.884
1.839
1.8
1.803
1.845
1.884
1.896
1.896
1.878
1.827
1.797
1.815
1.89
1.893
1.893
1.866
1.812
1.797
1.821
1.869
1.893
1.896
1.89
1.854
1.806
1.8
1.836
1.881
1.893
1.893
1.884
1.839
1.8
1.803
1.845
1.884
1.896
1.896
1.878
1.827
1.797
1.812
1.86
1.89
1.893
1.893
1.866
1.815
1.797
1.818
1.869
1.893
1.896
1.89
1.854
1.806
1.8
1.836
1.878
1.893
1.893
1.884
1.8
1.803
1.845
1.884
1.896
1.896
1.878
1.827
1.797
1.812
1.86
1.89
1.893
1.893
1.866
1.815
1.797
1.818
1.866
