1.782
1.779
1.818
1.86
1.875
1.875
1.86
1.812
1.779
1.791
1.833
1.869
1.875
1.872
1.851
1.8
1.776
1.794
1.842
1.872
1.875
1.872
1.842
1.791
1.779
1.809
1.854
1.875
1.875
1.866
1.827
1.782
1.818
1.86
1.875
1.875
1.863
1.815
1.779
1.791
1.833
1.869
1.875
1.875
1.851
1.8
1.776
1.794
1.842
1.872
1.875
1.872
1.842
1.791
1.779
1.809
1.854
1.872
1.875
1.866
1.827
1.785
1.776
1.815
1.86
1.875
1.875
1.863
1.815
1.782
1.788
1.833
1.869
1.875
1.872
1.851
1.8
1.776
1.794
1.839
1.875
1.872
1.842
1.791
1.779
1.809
1.854
1.872
1.875
1.866
1.827
1.785
1.776
1.815
1.86
1.875
1.875
1.863
1.815
1.782
1.788
1.833
1.866
1.875
1.875
1.854
1.803
1.776
1.791
1.839
1.869
1.875
1.872
1.845
1.794
1.779
1.806
1.851
1.872
1.875
1.869
1.83
1.785
1.776
1.815
1.857
1.875
1.863
1.818
1.782
1.788
1.83
1.866
1.875
1.875
1.854
1.803
1.776
1.791
1.839
1.869
1.875
1.872
1.845
1.794
1.779
1.806
1.851
1.875
1.875
1.869
1.83
1.785
1.779
1.815
1.857
1.875
1.875
1.863
1.818
1.782
1.788
1.83
1.866
1.875
1.875
1.854
1.806
1.776
1.791
1.839
1.869
1.875
1.848
1.797
1.779
1.806
1.851
1.875
1.875
1.869
1.833
1.788
1.779
1.815
1.857
1.875
1.878
1.866
1.821
1.785
1.788
1.83
1.866
1.875
1.875
1.857
1.806
1.779
1.791
1.839
1.869
1.875
1.875
1.848
1.797
1.782
1.806
1.851
1.875
1.875
1.869
1.833
1.788
1.779
1.815
1.857
1.875
1.878
1.866
1.824
1.788
1.83
1.866
1.875
1.875
1.857
1.809
1.779
1.791
1.839
1.872
1.878
1.875
1.851
1.8
1.782
1.806
1.851
1.875
1.878
1.872
1.836
1.788
1.779
1.812
1.857
1.875
1.878
1.869
1.824
1.785
1.788
1.83
1.869
1.878
1.878
1.86
1.809
1.779
1.791
1.836
1.872
1.878
1.875
1.851
1.8
1.782
1.806
1.875
1.878
1.872
1.839
1.791
1.779
1.812
1.857
1.875
1.878
1.869
1.827
1.785
1.788
1.83
1.866
1.878
1.878
1.86
1.812
1.779
1.791
1.836
1.872
1.878
1.878
1.854
1.8
1.782
1.803
1.851
1.875
1.878
1.872
1.839
1.791
1.779
1.812
1.857
1.875
1.878
1.869
1.827
1.788
1.788
1.827
1.866
1.878
1.86
1.812
1.782
1.791
1.836
1.869
1.878
1.878
1.854
1.803
1.782
1.803
1.851
1.875
1.878
1.872
1.839
1.791
1.779
1.812
1.857
1.875
1.878
1.869
1.83
1.788
1.785
1.827
1.866
1.878
1.878
1.863
1.812
1.782
1.791
1.836
1.869
1.878
1.878
1.854
1.803
1.782
1.803
1.851
1.875
1.878
1.875
1.842
1.779
1.809
1.857
1.875
1.878
1.872
1.83
1.788
1.785
1.827
1.866
1.878
1.878
1.863
1.815
1.782
1.791
1.833
1.869
1.878
1.878
1.857
1.806
1.782
1.803
1.848
1.875
1.878
1.875
1.842
1.794
1.779
1.809
1.857
1.875
1.878
1.872
1.83
1.788
1.785
1.824
1.866
1.878
1.878
1.815
1.782
1.788
1.833
1.869
1.878
1.878
1.857
1.806
1.782
1.8
1.848
1.875
1.878
1.875
1.845
1.794
1.782
1.809
1.854
1.875
1.878
1.872
1.833
1.788
1.785
1.824
1.866
1.878
1.878
1.863
1.818
1.782
1.788
1.833
1.869
1.878
1.878
1.857
1.806
1.782
1.8
1.848
1.875
1.878
1.875
1.845
1.794
1.809
1.854
1.875
1.878
1.872
1.833
1.788
1.785
1.824
1.866
1.878
1.878
1.866
1.818
1.782
1.788
1.83
1.869
1.878
1.878
1.857
1.809
1.782
1.8
1.845
1.875
1.878
1.875
1.845
1.794
1.782
1.806
1.854
1.875
1.878
1.872
1.836
1.791
1.785
1.821
1.863
1.878
1.878
1.866
1.818
1.782
1.788
1.869
1.878
1.878
1.86
1.809
1.782
1.8
1.845
1.875
1.878
1.875
1.848
1.797
1.779
1.806
1.851
1.875
1.878
1.872
1.836
1.791
1.785
1.821
1.863
1.878
1.878
1.866
1.821
1.785
1.788
1.83
1.869
1.878
1.878
1.86
1.809
1.782
1.8
1.845
1.875
1.878
1.875
1.848
1.797
1.779
1.803
1.875
1.878
1.872
1.836
1.791
1.782
1.821
1.863
1.878
1.878
1.866
1.821
1.785
1.785
1.827
1.869
1.878
1.878
1.86
1.809
1.782
1.797
1.842
1.875
1.878
1.875
1.848
1.797
1.779
1.803
1.851
1.875
1.878
1.875
1.839
1.791
1.782
1.821
1.863
1.878
1.878
1.866
1.821
1.785
1.785
1.866
1.878
1.878
1.86
1.812
1.782
1.797
1.842
1.875
1.878
1.875
1.848
1.797
1.779
1.803
1.848
1.875
1.878
1.875
1.839
1.791
1.782
1.818
1.86
1.878
1.878
1.866
1.824
1.785
1.785
1.827
1.866
1.878
1.878
1.863
1.812
1.782
1.797
1.842
1.872
1.878
1.875
1.851
1.8
1.779
1.848
1.875
1.878
1.875
1.839
1.791
1.782
1.818
1.86
1.878
1.878
1.869
1.824
1.785
1.785
1.824
1.866
1.878
1.878
1.863
1.812
1.782
1.794
1.842
1.872
1.878
1.875
1.851
1.8
1.779
1.8
1.848
1.875
1.878
1.875
1.842
1.791
1.782
1.818
1.86
1.878
1.878
1.869
1.824
1.785
1.782
1.866
1.878
1.878
1.863
1.815
1.782
1.794
1.839
1.872
1.878
1.875
1.851
1.8
1.779
1.8
1.848
1.875
1.878
1.875
1.842
1.794
1.782
1.815
1.86
1.878
1.878
1.869
1.827
1.785
1.782
1.824
1.866
1.878
1.878
1.863
1.815
1.782
1.794
1.839
1.872
1.878
1.875
1.854
1.803
1.779
1.8
1.875
1.878
1.875
1.842
1.794
1.782
1.815
1.86
1.878
1.878
1.869
1.827
1.785
1.782
1.821
1.863
1.878
1.878
1.863
1.815
1.785
1.794
1.839
1.872
1.878
1.878
1.854
1.803
1.779
1.797
1.845
1.875
1.878
1.875
1.845
1.794
1.782
1.812
1.857
1.878
1.878
1.869
1.83
1.788
1.782
1.821
1.878
1.878
1.866
1.818
1.782
1.794
1.836
1.872
1.878
1.878
1.854
1.803
1.779
1.797
1.845
1.875
1.878
1.875
1.845
1.794
1.782
1.812
1.857
1.878
1.878
1.869
1.83
1.788
1.782
1.821
1.863
1.878
1.878
1.866
1.818
1.785
1.791
1.836
1.872
1.878
1.878
1.854
1.803
1.779
1.797
1.845
1.878
1.875
1.845
1.794
1.782
1.812
1.857
1.878
1.878
1.869
1.83
1.788
1.782
1.818
1.863
1.878
1.878
1.866
1.818
1.785
1.791
1.836
1.869
1.878
1.878
1.857
1.806
1.779
1.797
1.842
1.872
1.878
1.875
1.848
1.797
1.782
1.812
1.857
1.875
1.878
1.872
1.833
1.788
1.782
1.818
1.863
1.878
1.866
1.821
1.785
1.791
1.833
1.869
1.878
1.878
1.857
1.806
1.779
1.794
1.842
1.872
1.878
1.875
1.848
1.797
1.782
1.809
1.854
1.875
1.878
1.872
1.833
1.788
1.782
1.818
1.86
1.878
1.878
1.866
1.821
1.785
1.791
1.833
1.869
1.878
1.878
1.857
1.806
1.779
1.794
1.842
1.878
1.875
1.848
1.797
1.782
