30.25
30.3125
30.25
30.3125
30.3125
30.3125
30.3125
30.3125
30.3125
30.375
30.375
30.375
30.375
30.4375
30.4375
30.4375
30.5
30.5
30.5
30.5625
30.5
30.5
30.5625
30.5
30.4375
30.4375
30.5
30.5
30.5
30.4375
30.4375
30.5
30.5
30.5
30.4375
30.4375
30.4375
30.4375
30.375
30.375
30.375
30.375
30.375
30.3125
30.3125
30.3125
30.3125
30.3125
30.25
30.1875
30.1875
30.1875
30.125
30.125
30.125
30.125
30.0625
30.0625
30.0625
30.0625
30.0
30.0
30.0
29.9375
30.0
29.9375
29.9375
29.9375
29.875
29.875
29.8125
29.8125
29.8125
29.8125
29.8125
29.75
29.75
29.6875
29.625
29.625
29.625
29.6875
29.625
29.5625
29.5625
29.5625
29.5
29.5625
29.5625
29.5
29.5
29.375
29.4375
29.375
29.375
29.375
29.375
29.375
29.3125
29.3125
29.3125
29.3125
29.25
29.1875
29.125
29.1875
29.1875
29.1875
29.125
29.125
29.125
29.0625
29.0625
29.0625
29.0
29.0
29.0
29.0
29.0
29.0
29.0
28.9375
28.875
28.9375
28.875
28.875
28.875
28.875
28.8125
28.875
28.8125
28.8125
28.8125
28.75
28.75
28.75
28.75
28.75
28.6875
28.6875
28.625
28.625
28.625
28.6875
28.625
28.625
28.5625
28.5625
28.5625
28.5
28.5625
28.5
28.5
28.5
28.5
28.5
28.4375
28.4375
28.4375
28.375
28.375
28.375
28.4375
28.375
28.3125
28.3125
28.3125
28.25
28.3125
28.3125
28.3125
28.25
28.25
28.25
28.25
28.1875
28.1875
28.25
28.1875
28.1875
28.1875
28.125
28.125
28.125
28.125
28.125
28.0625
28.0625
28.125
28.0625
28.0
28.0625
28.0
28.0
28.0
28.0
28.0
28.0
28.0
27.9375
27.9375
27.9375
27.875
27.875
27.875
27.8125
27.8125
27.8125
27.8125
27.8125
27.8125
27.8125
27.8125
27.8125
27.75
27.75
27.75
27.75
27.75
27.6875
27.6875
27.6875
27.6875
27.625
27.625
27.625
27.625
27.625
27.625
27.625
27.5625
27.5625
27.5625
27.5625
27.5625
27.5625
27.5625
27.5625
27.5625
27.5
27.5
27.5
27.5
27.4375
27.4375
27.4375
27.4375
27.375
27.375
27.375
27.4375
27.375
27.375
27.3125
27.375
27.375
27.3125
27.3125
27.3125
27.25
27.25
27.3125
27.25
27.25
27.25
27.25
27.1875
27.1875
27.1875
27.25
27.1875
27.1875
27.1875
27.125
27.125
27.125
27.125
27.125
27.125
27.125
27.1875
27.125
27.125
27.125
27.0625
27.0625
27.0625
27.0625
27.0625
27.0625
27.0
27.0
27.0
27.0625
27.0
27.0
27.0
27.0
27.0
27.0
26.9375
26.9375
26.9375
26.9375
26.9375
26.875
26.9375
26.9375
26.875
26.875
26.875
26.875
26.875
26.875
26.875
26.875
26.8125
26.875
26.8125
26.8125
26.8125
26.8125
26.8125
26.8125
26.8125
26.8125
26.75
26.75
26.8125
26.8125
26.75
26.75
26.6875
26.75
26.75
26.75
26.75
26.6875
26.6875
26.75
26.75
26.6875
26.625
26.6875
26.625
26.6875
26.6875
26.625
26.625
26.625
26.625
26.625
26.625
26.625
26.625
26.625
26.5625
26.625
26.625
26.625
26.5625
26.625
26.5625
26.5
26.5625
26.5625
26.5625
26.5625
26.5625
26.5
26.5
26.5
26.5
26.5
26.5
26.5625
26.5
26.4375
26.5
26.4375
26.5
26.5
26.4375
26.5
26.4375
26.4375
26.4375
26.4375
26.4375
26.4375
26.4375
26.4375
26.375
26.4375
26.375
26.375
26.375
26.375
26.4375
26.375
26.375
26.375
26.375
26.4375
26.375
26.3125
26.375
26.3125
26.375
26.375
26.3125
26.375
26.3125
26.3125
26.25
26.3125
26.3125
26.3125
26.3125
26.3125
26.3125
26.25
26.25
26.3125
26.3125
26.25
26.25
26.3125
26.25
26.25
26.25
26.1875
26.25
26.1875
26.1875
26.1875
26.1875
26.25
26.25
26.1875
26.1875
26.1875
26.1875
26.1875
26.1875
26.1875
26.1875
26.1875
26.1875
26.1875
26.125
26.1875
26.1875
26.1875
26.1875
26.1875
26.125
26.1875
26.125
26.125
26.1875
26.125
26.125
26.125
26.125
26.125
26.125
26.125
26.125
26.0625
26.0625
26.125
26.125
26.125
26.125
26.0625
26.0625
26.125
26.0625
26.0625
